///////// NEW KEY /////////////// 
Idle
0
Idle
0
0
-15
25.98076
30
2.094395
3
-1
Idle
0
Idle
-15
25.98076
25.9199
69.86199
60
0.8203048
1
0
Idle
0
Idle
25.9199
69.86199
75.85138
67.24519
50
-0.05235988
0
1
Idle
0
Idle
-15
25.98076
-44.08855
-26.49643
60
4.206244
1
0
Idle
0
Idle
-44.08855
-26.49643
5.911453
-26.49645
50
6.283185
0
3
Idle
0
Idle
-15
25.98076
-25.45284
125.433
100
1.675516
2
0
Idle
0
Idle
-25.45284
125.433
-61.81357
191.0294
75
2.076942
1
5
Idle
0
Idle
-61.81357
191.0294
-74.83717
264.89
75
1.745329
1
6
Idle
0
Idle
-25.45284
125.433
10.90788
191.0294
75
1.064651
1
5
Idle
0
Idle
10.90788
191.0294
23.93152
264.89
75
1.396263
1
8
Idle
0
Idle
-74.83717
264.89
-39.84249
265.5009
35
0.01745329
0
7
Idle
0
Idle
23.93152
264.89
58.93152
264.89
35
0
0
9
