///////// NEW KEY /////////////// 
Idle
0
Idle
0
0
-17.63356
24.27051
30
2.199115
3
-1
Idle
0
Idle
-18.05445
23.95907
22.86545
67.84029
60
0.8203048
1
0
Idle
0
Idle
22.86545
67.84029
72.79693
65.2235
50
-0.05235988
0
1
Idle
0
Idle
-18.05445
23.95907
-65.9726
-12.14981
60
3.787364
1
0
Idle
0
Idle
-65.9726
-12.14981
-15.9726
-12.14983
50
6.283185
0
3
Idle
0
Idle
-18.05445
23.95907
-35.41924
122.4398
100
1.745329
2
0
Idle
0
Idle
-35.41924
122.4398
-71.77998
188.0363
75
2.076942
1
5
Idle
0
Idle
-71.77998
188.0363
-84.80357
261.8969
75
1.745329
1
6
Idle
0
Idle
-35.41924
122.4398
0.9414673
188.0363
75
1.064651
1
5
Idle
0
Idle
0.9414673
188.0363
13.96511
261.8969
75
1.396263
1
8
Idle
0
Idle
-84.80357
261.8969
-49.8089
262.5078
35
0.01745329
0
7
Idle
0
Idle
13.96511
261.8969
48.96511
261.8969
35
0
0
9
///////// NEW KEY /////////////// 
Idle
1
Idle
0
0
-10.2606
28.19078
30
1.919862
3
-1
Idle
1
Idle
-10.2606
28.19078
30.6593
72.07201
60
0.8203048
1
12
Idle
1
Idle
30.6593
72.07201
80.59077
69.45521
50
-0.05235988
0
13
Idle
1
Idle
-10.2606
28.19078
-60.00285
-5.360809
60
3.735005
1
12
Idle
1
Idle
-60.00285
-5.360809
-10.00285
-5.360825
50
6.283185
0
15
Idle
1
Idle
-10.2606
28.19078
-13.75056
128.1299
100
1.605703
2
12
Idle
1
Idle
-13.75056
128.1299
-50.11129
193.7263
75
2.076942
1
17
Idle
1
Idle
-50.11129
193.7263
-63.13489
267.5869
75
1.745329
1
18
Idle
1
Idle
-13.75056
128.1299
61.20376
130.7473
75
0.03490658
1
17
Idle
1
Idle
61.20376
130.7473
38.02745
202.0766
75
1.884956
1
20
Idle
1
Idle
-63.13489
267.5869
-28.14022
268.1978
35
0.01745329
0
19
Idle
1
Idle
38.02745
202.0766
73.02745
202.0766
35
0
0
21
///////// NEW KEY /////////////// 
Idle
2
Idle
0
0
-15
25.98076
30
2.094395
3
-1
Idle
2
Idle
-15
25.98076
41.38156
46.50197
60
0.3490658
1
24
Idle
2
Idle
41.38156
46.50197
91.31303
43.88517
50
-0.05235988
0
25
Idle
2
Idle
-15
25.98076
-72.37829
43.52305
60
2.844887
1
24
Idle
2
Idle
-72.37829
43.52305
-22.37829
43.52303
50
6.283185
0
27
Idle
2
Idle
-15
25.98076
12.56371
122.1069
100
1.291544
2
24
Idle
2
Idle
12.56371
122.1069
-10.61259
193.4362
75
1.884956
1
29
Idle
2
Idle
-10.61259
193.4362
-36.2641
263.9131
75
1.919862
1
30
Idle
2
Idle
12.56371
122.1069
57.69984
62.20928
75
-0.9250245
1
29
Idle
2
Idle
57.69984
62.20928
52.46806
137.0266
75
1.64061
1
32
Idle
2
Idle
-36.2641
263.9131
-71.2641
263.9131
35
3.141593
0
31
Idle
2
Idle
52.46806
137.0266
77.2168
161.7753
35
0.7853982
0
33
///////// NEW KEY /////////////// 
Idle
3
Idle
0
0
-15
25.98076
30
2.094395
3
-1
Idle
3
Idle
-15
25.98076
44.41609
34.33115
60
0.1396263
1
36
Idle
3
Idle
44.41609
34.33115
91.96892
49.782
50
0.3141593
0
37
Idle
3
Idle
-15
25.98076
-72.37829
43.52305
60
2.844887
1
36
Idle
3
Idle
-72.37829
43.52305
-22.37829
43.52303
50
6.283185
0
39
Idle
3
Idle
-15
25.98076
24.07308
118.0313
100
1.169371
2
36
Idle
3
Idle
24.07308
118.0313
-5.23175
187.0691
75
1.972222
1
41
Idle
3
Idle
-5.23175
187.0691
-30.88325
257.5461
75
1.919862
1
42
Idle
3
Idle
24.07308
118.0313
86.97337
77.18333
75
-0.5759587
1
41
Idle
3
Idle
86.97337
77.18333
153.7989
43.13404
75
-0.4712389
1
44
Idle
3
Idle
-30.88325
257.5461
-65.88326
257.5461
35
3.141593
0
43
Idle
3
Idle
153.7989
43.13404
179.3962
67.00399
35
0.7504916
0
45
///////// NEW KEY /////////////// 
Idle
4
Idle
0
0
-5.209439
29.54423
30
1.745329
3
-1
Idle
4
Idle
-5.209439
29.54423
54.20665
37.89462
60
0.1396263
1
48
Idle
4
Idle
54.20665
37.89462
101.7595
53.34547
50
0.3141593
0
49
Idle
4
Idle
-5.209439
29.54423
-51.83818
67.30347
60
2.460914
1
48
Idle
4
Idle
-51.83818
67.30347
-1.838184
67.30346
50
6.283185
0
51
Idle
4
Idle
-5.209439
29.54423
-6.954721
129.529
100
1.58825
2
48
Idle
4
Idle
-6.954721
129.529
-38.65111
197.5021
75
2.007129
1
53
Idle
4
Idle
-38.65111
197.5021
-54.2445
270.8632
75
1.780236
1
54
Idle
4
Idle
-6.954721
129.529
67.63442
137.3687
75
0.1047198
1
53
Idle
4
Idle
67.63442
137.3687
134.4599
103.3194
75
-0.4712389
1
56
Idle
4
Idle
-54.2445
270.8632
-88.81359
265.388
35
3.298672
0
55
Idle
4
Idle
134.4599
103.3194
160.0573
127.1893
35
0.7504916
0
57
///////// NEW KEY /////////////// 
Idle
5
Idle
0
0
-15
25.98076
30
2.094395
3
-1
Idle
5
Idle
-15
25.98076
-45.90226
-25.44928
60
-2.111848
1
60
Idle
5
Idle
-45.90226
-25.44928
1.650562
-9.99843
50
0.3141593
0
61
Idle
5
Idle
-15
25.98076
31.62876
63.73999
60
0.6806784
1
60
Idle
5
Idle
31.62876
63.73999
80.14354
51.64388
50
6.038839
0
63
Idle
5
Idle
-15
25.98076
-16.74528
125.9655
100
1.58825
2
60
Idle
5
Idle
-16.74528
125.9655
-48.44167
193.9386
75
2.007129
1
65
Idle
5
Idle
-48.44167
193.9386
-64.03506
267.2997
75
1.780236
1
66
Idle
5
Idle
-16.74528
125.9655
21.88259
190.2531
75
1.029744
1
65
Idle
5
Idle
21.88259
190.2531
42.55537
262.3477
75
1.291544
1
68
Idle
5
Idle
-64.03506
267.2997
-98.60415
261.8245
35
3.298672
0
67
Idle
5
Idle
42.55537
262.3477
77.47011
264.7892
35
0.06981317
0
69
///////// NEW KEY /////////////// 
Idle
6
Idle
0
0
-6.237355
29.34443
30
1.780236
3
-1
Idle
6
Idle
-6.237355
29.34443
-63.91306
45.88265
60
-3.420845
1
72
Idle
6
Idle
-63.91306
45.88265
-65.65804
95.8522
50
1.605703
0
73
Idle
6
Idle
-6.237355
29.34443
8.277972
87.56216
60
1.32645
1
72
Idle
6
Idle
8.277972
87.56216
56.79276
75.46605
50
6.038839
0
75
Idle
6
Idle
-6.237355
29.34443
-9.727313
129.2835
100
1.605703
2
72
Idle
6
Idle
-9.727313
129.2835
-64.57883
180.4334
75
2.391101
1
77
Idle
6
Idle
-64.57883
180.4334
-80.17222
253.7945
75
1.780236
1
78
Idle
6
Idle
-9.727313
129.2835
54.56024
167.9114
75
0.541052
1
77
Idle
6
Idle
54.56024
167.9114
28.90874
238.3883
75
1.919862
1
80
Idle
6
Idle
-80.17222
253.7945
-114.7413
248.3193
35
3.298672
0
79
Idle
6
Idle
28.90874
238.3883
63.82348
240.8298
35
0.06981317
0
81
///////// NEW KEY /////////////// 
Idle
7
Idle
0
0
-15
25.98076
30
2.094395
3
-1
Idle
7
Idle
-15
25.98076
15.90228
77.41081
60
-5.253441
1
84
Idle
7
Idle
15.90228
77.41081
52.46996
111.5107
50
0.7504916
0
85
Idle
7
Idle
-15
25.98076
-0.4846678
84.1985
60
1.32645
1
84
Idle
7
Idle
-0.4846678
84.1985
48.03011
72.10239
50
6.038839
0
87
Idle
7
Idle
-15
25.98076
0.6434183
124.7496
100
1.413717
2
84
Idle
7
Idle
0.6434183
124.7496
-31.05297
192.7227
75
2.007129
1
89
Idle
7
Idle
-31.05297
192.7227
-46.64636
266.0837
75
1.780236
1
90
Idle
7
Idle
0.6434183
124.7496
64.93097
163.3775
75
0.541052
1
89
Idle
7
Idle
64.93097
163.3775
39.27947
233.8544
75
1.919862
1
92
Idle
7
Idle
-46.64636
266.0837
-81.21545
260.6086
35
3.298672
0
91
Idle
7
Idle
39.27947
233.8544
74.19421
236.2959
35
0.06981317
0
93
///////// NEW KEY /////////////// 
Idle
8
Idle
0
0
-1.046987
29.98173
30
1.605703
3
-1
Idle
8
Idle
-1.046987
29.98173
54.18332
53.42556
60
-5.88176
1
96
Idle
8
Idle
54.18332
53.42556
100.5425
34.69523
50
5.899213
0
97
Idle
8
Idle
-1.046987
29.98173
-17.58523
87.65742
60
1.850049
1
96
Idle
8
Idle
-17.58523
87.65742
30.92955
75.56131
50
6.038839
0
99
Idle
8
Idle
-1.046987
29.98173
14.59643
128.7506
100
1.413717
2
96
Idle
8
Idle
14.59643
128.7506
-17.09996
196.7236
75
2.007129
1
101
Idle
8
Idle
-17.09996
196.7236
-32.69335
270.0847
75
1.780236
1
102
Idle
8
Idle
14.59643
128.7506
88.86653
118.3126
75
-0.1396263
1
101
Idle
8
Idle
88.86653
118.3126
63.21503
188.7895
75
1.919862
1
104
Idle
8
Idle
-32.69335
270.0847
-67.50162
273.7432
35
3.036873
0
103
Idle
8
Idle
63.21503
188.7895
98.12978
191.231
35
0.06981317
0
105
///////// NEW KEY /////////////// 
Idle
9
Idle
0
0
-1.046987
29.98173
30
1.605703
3
-1
Idle
9
Idle
-1.046987
29.98173
45.58177
-7.777498
60
-0.6806784
1
108
Idle
9
Idle
45.58177
-7.777498
79.6817
-44.34517
50
5.462881
0
109
Idle
9
Idle
-1.046987
29.98173
-17.58523
87.65742
60
1.850049
1
108
Idle
9
Idle
-17.58523
87.65742
5.114304
43.10711
50
5.183628
0
111
Idle
9
Idle
-1.046987
29.98173
14.59643
128.7506
100
1.413717
2
108
Idle
9
Idle
14.59643
128.7506
-17.09996
196.7236
75
2.007129
1
113
Idle
9
Idle
-17.09996
196.7236
-32.69335
270.0847
75
1.780236
1
114
Idle
9
Idle
14.59643
128.7506
61.79546
70.46461
75
-0.8901179
1
113
Idle
9
Idle
61.79546
70.46461
36.14396
140.9416
75
1.919862
1
116
Idle
9
Idle
-32.69335
270.0847
-67.50162
273.7432
35
3.036873
0
115
Idle
9
Idle
36.14396
140.9416
71.0587
143.383
35
0.06981317
0
117
///////// NEW KEY /////////////// 
Idle
10
Idle
0
0
-1.046987
29.98173
30
1.605703
3
-1
Idle
10
Idle
-1.046987
29.98173
29.85531
-21.44831
60
-1.029744
1
120
Idle
10
Idle
29.85531
-21.44831
35.08175
-71.1744
50
4.817109
0
121
Idle
10
Idle
-1.046987
29.98173
-17.58523
87.65742
60
1.850049
1
120
Idle
10
Idle
-17.58523
87.65742
5.114304
43.10711
50
5.183628
0
123
Idle
10
Idle
-1.046987
29.98173
14.59643
128.7506
100
1.413717
2
120
Idle
10
Idle
14.59643
128.7506
-17.09996
196.7236
75
2.007129
1
125
Idle
10
Idle
-17.09996
196.7236
-32.69335
270.0847
75
1.780236
1
126
Idle
10
Idle
14.59643
128.7506
61.79546
70.46461
75
-0.8901179
1
125
Idle
10
Idle
61.79546
70.46461
36.14396
140.9416
75
1.919862
1
128
Idle
10
Idle
-32.69335
270.0847
-52.76854
298.755
35
2.181662
0
127
Idle
10
Idle
36.14396
140.9416
49.81953
173.1592
35
1.169371
0
129
